 
 
 
 Bingo Bingo賓果賓果開獎號碼 - 奧索樂透網 
 
 
 
 
 
 
 
 
 
 
 大樂透 、 威力彩 、 賓果賓果 、 今彩539 、 三星彩 、 四星彩 最新開獎號碼！
 
 
 樂透首頁 加入會員 會員登入 我的最愛 常見問題 公益團體 
 
 
 
 
 
 
 
 
 
 
 
 
 -->
 
 
 
 
 
 
 
 
 
 樂透首頁 | 會員中心 樂透論壇 虛擬樂透 | 賓果賓果 大樂透 威力彩 今彩539 三星彩 四星彩 
 
 
 
 
 
 
 
 
 
 
 
 
 
 
 
 
 
 
 
 
 
 
 
 
 
 
 
 
 
 
 
 
 
 
 
 
 
 
 
 
 
 
 
 
 
 
 
 
 
 -->
 [手機APP]
 奧索樂透助手 
 [店家專用] Bingo
 TV播放系統 
 [店家專用]
 綜合彩券TV播放系統 
 
 
 
 
 
 
 
 
 
 
 
 
 
 
 
 
 
 
 
 
 
 
 
 
 
 
 
 
 
 
 
 
 
 
 
 
 
 
 
 
 
 
 
 
 
 
 
 開獎號碼[文字] -->
 開獎號碼[圖形] 
 開出次數 
 拖號跳期 
 球號分佈 
 大小分佈 
 綜合分析 
 資料分析 -->
 
 
 
 
 
 
 
 (週一至週日、每日07:05 ~ 23:55、每隔5分鐘開獎一次) 獎金分配方式說明 
 
 
 1
 115041061
 
 07/22 
 07/21 
 07/20 
 07/19 
 07/18 
 07/17 
 07/16 
 07/15 
 07/14 
 07/13 
 07/12 
 07/11 
 07/10 
 07/09 
 
 
 
 Bingo Bingo賓果賓果最新一期開獎號碼 第 115041061 期 (2026-07-22 11:35) 
 
 
 
 
 
 
 04 06 07 09 19 24 27 29 41 48 50 53 62 63 67 70 74 75 77 79 
 
 
 
 
 
 : 連號 | 紅字 : 連莊 
 
 
 Bingo Bingo賓果賓果開獎號碼查詢 (2026-07-22) 
 
 
 期 數
開獎時間 
 開獎號碼 
 超級
獎號 
 連莊
球數 
 大小 
 單雙 
 
 115041061 
11:35 04 06 07 09 19 24 27 29 41 48 50 53 62 63 67 70 74 75 77 79 19 3 － 
 115041060 
11:30 12 16 20 21 25 26 38 42 43 48 50 52 54 57 60 61 62 71 73 76 54 3 大 雙 
 115041059 
11:25 18 22 23 24 29 33 36 45 50 51 54 55 59 65 66 69 70 76 77 78 22 3 大 － 
 115041058 
11:20 01 11 15 16 19 21 32 35 38 39 43 44 54 61 64 66 70 71 74 79 19 6 － 
 115041057 
11:15 04 05 16 20 25 38 39 43 49 54 58 59 60 65 67 68 71 72 75 77 58 3 大 － 
 115041056 
11:10 04 06 14 15 17 24 31 34 35 37 41 42 44 46 47 61 65 68 69 76 06 8 － 
 115041055 
11:05 09 12 17 18 24 28 31 33 37 50 53 61 62 65 66 67 68 69 70 75 18 8 － 
 115041054 
11:00 02 09 12 13 18 20 25 31 32 35 47 59 62 65 68 71 72 73 75 80 75 5 － 
 115041053 
10:55 02 08 10 15 20 25 26 31 34 37 38 42 47 49 52 60 64 66 70 79 38 6 雙 
 115041052 
10:50 01 07 12 13 17 20 22 25 28 32 34 37 42 45 46 55 56 71 73 79 45 6 － 
 115041051 
10:45 04 10 19 20 30 35 37 41 42 45 48 49 55 58 65 66 67 69 78 79 49 8 大 － 
 115041050 
10:40 04 07 15 16 20 28 32 33 37 38 41 44 45 50 54 60 66 67 68 78 41 7 雙 
 115041049 
10:35 03 04 06 07 10 17 21 23 24 25 27 31 32 33 45 61 64 67 68 79 06 2 小 單 
 115041048 
10:30 02 05 14 22 29 30 31 34 35 39 45 54 55 58 59 65 66 74 75 76 66 3 － 
 115041047 
10:25 01 07 09 12 13 14 23 29 36 44 47 48 56 58 61 69 70 71 73 80 69 7 － 
 115041046 
10:20 04 07 08 14 16 19 20 34 37 39 48 49 55 58 61 66 68 73 76 80 20 5 － 
 115041045 
10:15 06 07 19 23 26 28 32 34 40 42 45 52 59 60 63 65 66 73 75 79 42 7 － 
 115041044 
10:10 11 19 20 21 23 28 46 47 50 52 53 56 65 66 70 76 77 78 79 80 52 4 大 － 
 115041043 
10:05 11 14 20 22 27 30 31 32 33 39 40 41 44 45 51 54 57 70 75 76 54 1 － 
 115041042 
10:00 04 10 16 21 26 34 37 43 49 50 53 55 56 63 65 67 68 76 78 79 78 6 大 － 
 115041041 
09:55 01 04 06 08 10 17 19 22 26 32 39 40 43 44 48 54 59 63 74 76 08 5 雙 
 115041040 
09:50 02 04 07 10 12 13 24 27 33 39 41 44 52 54 61 62 64 65 75 79 54 3 － 
 115041039 
09:45 01 05 11 13 15 17 29 34 40 46 47 53 54 55 58 59 63 65 66 69 69 7 單 
 115041038 
09:40 04 14 15 17 18 20 29 33 36 44 45 46 53 54 66 67 72 73 74 80 67 6 － 
 115041037 
09:35 01 14 20 29 31 40 48 50 51 56 57 62 64 66 67 68 70 74 75 79 66 5 大 － 
 115041036 
09:30 01 05 09 10 11 14 19 20 21 26 37 45 47 52 55 61 63 64 67 73 52 5 單 
 115041035 
09:25 05 11 13 14 20 27 34 42 43 44 48 56 57 58 60 66 67 69 77 79 66 8 大 － 
 115041034 
09:20 02 11 12 13 15 23 31 34 35 36 40 42 43 45 50 56 66 74 75 79 12 7 － 
 115041033 
09:15 01 06 07 13 18 26 28 32 35 40 41 49 51 56 57 63 74 75 77 79 07 7 － 
 115041032 
09:10 03 07 10 11 17 18 20 21 25 28 31 39 40 41 43 45 48 49 63 64 48 7 小 單 
 
 
 
 
 
 
 
 
 
 
 
 
 
 
 
 
 
 
 
 
 
 
 
 
 
 LineID:@auzo
 
 
 5f6m1igij9ngsfk2i3e3cj50ve 
 | 樂透首頁 | 隱私權政策 | 常見問題 | 公益團體 | 贊助商: Bimmer8.com |
 本站數據資訊僅供參考，實際資料以 台灣彩券 公佈為準！(未滿18歲者，不得購買或兌領彩券！)
 本站所引用的各項公益彩券商標或名稱，其版權分別屬於各註冊公司所有。
 (LINE客服)服務時間:週一 ~ 週五 09:00-18:00 | (線上客服)服務時間:週一 ~ 週六 09:00-24:00
 法律顧問: 承理法律事務所 | 專利事務: 寬宇國際智權顧問 | Powered By 奧索網路科技
 
 
 
 
 
 
 
 
 
 
 
 
 
 
